Indiv
Species	leaf_tot	juga	leaf_juga_ratio	stip_dist	stip_scar_length	pet_length	petiole_stip_ratio	lateral_petiolules	basal_petiolule	termil_petiolule	acumen_length	basal_lft_L	basal_lft_W	basal_L_widest_point	bl_bw_ratio	bl_wp_ratio	lateral_lft_L	lateral_lft_W	lateral_L_widest_point	ll_lw_ratio	ll_wp_ratio	termil_lft_L	termil_lft_W	termil_L_widest_point	tl_tw_ratio	tl_wp_ratio	X2o_vein_pairs
D13052	A	-0.581665478557	-0.858897551953	0.432300550742	0.344709938553	-0.472757654741	0.161998550956	-0.47057294247	-0.395439242083	-0.526003531595	-0.423249242401	-0.104107993234	-0.875453585376	-0.263179353002	-0.48713084451	-1.08704729831	-0.63222472261	-0.718316996141	-0.525730818443	0.684355006418	-0.42358105899	-0.42358105899	-0.710131841657	-0.0143645712287	-0.133184067661	-1.15783793945	-1.0173415532	-0.333067813995
D14528	A	-0.616238972395	-0.581933095931	-0.193610042691	-0.288203968242	0.269227111283	-0.649382944844	-0.373587388575	-0.0372025076433	0.2397614187	0.417759100895	-0.00622501402842	-1.09050061334	-0.728178241574	-0.951881952724	-0.764710493249	-0.460376767121	-0.419141479349	-0.514989439632	0.520180417604	-0.0645993631418	-0.0645993631418	-0.479782096132	-0.451557598745	-0.0812151306011	-0.20677868871	-0.725326848112	-0.930811208913
SF175	A	0.27684019373	-0.210800724861	0.552453030731	0.826274867636	-0.530725214587	-0.364092221052	-0.6616489591	1.65330025226	0.197049429441	1.81794852351	-0.438970816832	0.452489102547	0.0949616222173	0.669311240548	0.363468324453	-0.226038645999	0.0899282600676	-0.321644621045	0.592999791675	0.51289293018	0.51289293018	-0.307373084144	-0.140724843478	-0.283442081333	-0.282863428769	-0.0963720987002	-0.837155561783
SF200	A	-1.0840225095	-0.764729636906	-0.640130189255	-0.102986687825	-1.13358783698	-1.61258313771	-0.706522872097	-0.891819553855	-1.13007309398	0.0934340748898	-1.52856292746	-1.07685549735	-1.19401195759	-0.068583062844	0.12171572066	-1.1946362133	-1.14309632119	-0.955385970859	-0.566152244669	-0.43918895881	-0.43918895881	-1.15669944648	-0.790095012633	-0.910458604551	-0.967626089304	-0.747789517734	-1.02171227819
SF209	A	-0.997130571977	-0.581933095931	-0.721722105899	-0.0606513094443	-0.832156525784	-1.1185990388	-0.582033952171	-0.882453887595	-1.03549654633	-1.27432284512	-1.16794142513	-0.910930886944	-0.749048927776	-0.689610128498	-0.334928086505	-0.475999308529	-1.26454106294	-0.72377499026	-0.68862119197	-0.938641753034	-0.938641753034	-0.996726494371	-0.805636650397	-1.14149442257	-0.568181203992	0.195642606384	-0.837155561783
SF276	A	-0.458950402839	-1.13586200798	1.39016729819	0.874960552774	-0.136545807636	0.337209252706	-0.569006041946	0.0400642390005	0.00484547777313	0.309277971507	-0.253508329916	-0.117876745739	-0.265683835346	0.239892087929	0.12171572066	-0.272906270223	-0.552231607301	-0.25451100348	0.437431128887	-0.532836357727	-0.532836357727	-0.407426838642	0.114698594545	0.0176388257621	-0.872520164229	-0.725326848112	-1.57262784954
SF286	A	-0.418128687223	-1.13586200798	1.48181849223	1.48141484808	-0.00901717597599	0.245934567763	-0.699285144194	1.15223710736	1.03603493275	0.690639467602	-0.266387669285	-0.446451138723	0.456441907229	0.133896221144	-1.27507710126	-0.741582512467	-0.643176528068	0.717583778862	-0.235817084112	-1.67221304455	-1.67221304455	-0.358530512291	0.307955481515	-0.395288271961	-1.04371082936	0.0159412494091	-1.4348989567
SF328	A	-0.582581884418	-0.581933095931	-0.137166319533	2.78746127113	-1.58573480378	0.0129318544413	-0.833906883183	-0.791138641561	-0.895157153052	-0.183919740452	0.0118060610884	-0.00216616216305	-0.227281772735	0.298325706798	0.229161322346	-0.351018977264	-0.795952904113	-0.573395686914	-0.317242384209	-0.470404758449	-0.470404758449	-0.809055045256	-0.875911882022	-0.615591374713	-0.0165668385613	-0.478237482272	-0.883983385348
D13101	B	0.562508893417	-0.581933095931	2.00043012679	-0.273386585809	-0.901717597599	0.224835896872	-0.131847276627	1.57837492218	1.70417247903	0.106854420793	0.101961436672	1.66417540226	1.3313410728	0.682900454238	0.148577121081	0.930029418203	0.482821408626	0.449049308602	-0.832935951492	0.107087534873	0.107087534873	0.957996008759	0.732309764792	0.232858010759	0.230708566632	1.00429871277	0.217847757358
D13103	B	0.35798376722	1.0798536402	-0.844109980865	-1.12538607572	0.501097350666	-0.0563268260934	2.28121120612	-0.107445004592	NA	NA	0.421369053027	NA	NA	NA	NA	NA	0.25046822691	0.183200183044	-0.667437374058	-0.0177756636833	-0.0177756636833	NA	NA	NA	NA	NA	0.906492221549
D14482	B	1.65969663762	0.154792357088	1.72212345221	-1.09257615748	1.53291991592	1.39581213134	4.66966141399	0.897022701777	0.93840752873	0.204151928595	-0.469881231318	1.02067173228	2.00671647828	2.26332600644	-1.03332449746	-0.788450136692	1.9393264964	2.14954384152	3.66730136608	-0.392365259351	-0.392365259351	2.70554505978	2.16754622607	3.08154659327	0.497005156839	-0.186222777188	1.82376664785
D14483	B	2.11873266424	1.0798536402	0.843054377681	-0.753893130432	2.07781497847	1.11235607458	0.972630001317	0.323375643361	-0.367359000059	-0.434432863987	-0.0294078248929	0.778334472334	2.0868599133	1.88554586584	-1.30193850168	-0.788450136692	1.33404368532	2.42143499266	0.558576087569	-1.04789705177	-1.04789705177	1.00180485607	2.0168599121	0.837279343951	-0.948604904289	0.173179936762	2.00832336425
D14504	C	-0.129294221835	0.525924728158	-0.860316594445	-0.109336994582	0.0721374078079	-0.0710041623657	-0.201329464492	-0.887136720725	-0.919564004057	-1.20274766697	0.0298371362052	-0.972061006569	-0.295737623477	-0.908396468914	-1.08704729831	-0.288528811631	-0.66646730046	0.480602108857	-0.133869960413	-1.48491824672	-1.48491824672	-0.735003961419	-0.381282367119	-0.905939566545	-0.739371869125	0.285493284871	0.815591152276
D14505	C	0.918740844383	1.63378255225	-0.746311450641	-0.430027485818	0.280820623252	-0.15585751269	-0.11302918408	-1.54975760861	-0.812784030908	-0.665933830825	1.06533602148	-0.220488017966	0.55077740886	0.70871996025	-1.06018589789	-0.944675550773	0.514984856214	0.865277737505	-0.0716424952979	-0.564052157366	-0.564052157366	0.928884323128	1.48844422815	0.838409103452	-0.606223574021	0.240567945628	1.04422111439
D14506	C	1.63378734465	1.0798536402	0.451860256786	-0.201416442561	0.860496221708	1.12061207624	0.0751517413891	0.70502654345	1.57908736762	0.689521105443	1.87673440174	0.626054977911	1.07671870114	0.655722026857	-0.657264891563	0.133279806388	2.44146445832	1.93068824826	1.34105336167	0.309990232526	0.309990232526	1.66741669743	1.31545904261	1.33719792327	0.363856861736	0.307955954493	1.82376664785
D14477	D	1.31637767833	0.525924728158	0.73743196504	-0.104045072285	0.199666039468	0.458755943711	-0.192644191009	1.5573021731	1.57603651125	1.8235403343	0.3157584702	-0.0458305333237	-0.309929690094	0.161074648525	0.390329724875	-0.319773894448	1.00963649844	0.379230346334	1.04116993936	0.544108729819	0.544108729819	0.828265293181	0.364040522139	1.15813104232	0.592111081914	-0.365924134162	0.815591152276
D14478	D	0.0882272056606	-0.581933095931	0.987796202413	0.0346032919127	0.44312979082	-0.129713507455	-0.402538300185	1.51281525836	1.40518855421	1.91636439347	1.35383322335	1.47423538771	0.967356305444	0.998170211857	0.363468324453	0.508220800183	0.830796639001	1.44061284004	1.28279786242	-0.766954855019	-0.766954855019	0.980041751276	1.25126532141	1.16829887783	-0.320905798799	-0.118834768322	0.721935505146
D14480	D	0.169454088774	0.343128187183	-0.323821800074	0.334126093958	-1.16836837289	-0.272358869351	-0.537160039175	0.126696651904	-0.0897310698729	-0.480285712491	0.606831539943	1.36125382733	0.873020803813	1.10280715727	0.363468324453	0.227015054837	0.845214736195	0.255704490014	0.219635000985	0.606540329096	0.606540329096	0.617417550652	-0.151536417575	0.559923386383	1.35295848251	0.0384039190309	1.2728510765
D14485	D	-0.849505918771	-0.399136554956	-0.776489282824	-0.609952843937	-0.240887415358	-1.0025563489	-0.179616280784	-0.830942723166	-0.19040933027	-0.733035560343	-0.0474389000097	NA	NA	NA	NA	NA	-0.371450850166	-0.583465729549	0.317610158826	0.263166533068	0.263166533068	-0.363335353609	-0.519805660227	-0.210572593499	0.154623826572	-0.343461464541	0.355576650196
D14501	D	0.747123019549	0.525924728158	0.0986678504924	0.269564641927	-0.426383606865	2.25443630327	-0.0377568138921	-0.180028918106	0.584508189152	0.112446231587	0.0710510221865	0.609135034086	0.702716004408	-0.0414046354631	-0.254343885241	0.664446214265	0.022274111692	0.0992831610879	-1.23079453164	-0.0333835635028	-0.0333835635028	NA	NA	NA	NA	NA	0.997393290822
D14513	D	0.107388419113	0.154792357088	-0.179079975343	3.87442211106	0.0721374078079	0.129891877861	-0.664544050261	1.16628560675	1.4570531126	0.161654166567	0.26166524485	0.729757859418	0.557456028445	-0.152836187725	0.0679929198169	1.03938720806	0.124864418655	-0.147768551552	-0.953418915863	0.247558633248	0.247558633248	-0.348920829655	-0.6880607821	-0.782230901154	0.611132266929	0.869522695039	0.631034435872
D12950	E	-0.300745427421	-0.0280041838867	-0.509359583127	-0.0627680783634	-0.901717597599	0.370691926078	-0.241860740747	-0.322855328569	-0.614478366489	-0.521665112361	2.02613473842	0.683910269699	-0.567056544098	-1.32558532921	2.13632075227	3.60148399899	-0.0550845251802	0.0449049308602	-1.23741447474	-0.298717860434	-0.298717860434	1.09959750877	0.177540868979	1.19484822611	1.29589492746	-0.0963720987002	NA
D13090	E	0.846844639125	1.0798536402	-0.514389221825	-0.245868589861	1.44017182016	0.765145338394	-0.0189387213453	1.30911201721	1.54247709111	-0.00721851938757	2.76283295034	NA	NA	NA	NA	NA	0.398808265356	-0.286735139911	-1.30890986019	0.700187728013	0.700187728013	0.41448366441	0.125510168641	-1.07822789049	0.287772121676	3.38534169269	0.631034435872
5573	F	-0.426709578464	-0.581933095931	0.124374892723	-0.135796606071	-0.333635511111	-0.244380197082	-0.351874204867	0.943851033076	0.718745869682	0.343947198424	0.336365413191	1.49115533153	1.03247284639	-0.34444410076	0.282884123189	2.2735679793	0.923405186367	0.298670005256	-0.749524668465	0.590932429277	0.590932429277	0.712383826107	-0.51507559656	0.684196931525	2.22793299319	0.0159412494091	0.355576650196
D12963	F	-1.51981515111	-1.50699437905	-0.0125430495906	-0.445903252711	-1.30749051652	-1.11584703825	-0.411223573669	-0.59680106667	-0.391765851065	-0.988022132512	-1.31991762968	-0.940950142117	-1.06795301294	-0.837732557724	0.30974552361	-0.351018977264	-1.22211858466	-1.18632561528	-0.36358198589	-0.0177756636833	-0.0177756636833	-0.942177413529	-1.20701633872	-0.515042779098	0.554068711884	-0.927490874709	-1.57262784954
D13063	F	-0.927067178441	-0.581933095931	-0.714457072225	-0.368641187166	-0.240887415358	-0.768177635298	-0.357664387189	-0.0137883419937	0.114676307298	-0.511599852933	-1.12415167127	-0.524501202173	-0.380055195731	-0.367545764034	-0.361789486927	-0.335396435856	-1.02331520603	-1.06145708661	-0.21529526051	0.0914796350532	0.0914796350532	-0.999552871617	-1.32459220702	-0.772627945393	0.687217006988	-0.635476169625	-0.883983385348
D13075	F	-0.217269184468	-1.13586200798	1.93057403377	-0.915825952739	0.30400764719	0.0106385206487	0.878539538583	0.761220541009	NA	1.26883270362	-1.1215758034	NA	NA	NA	NA	NA	0.0813328559707	0.81358485198	0.95444868479	-0.985465452492	-0.985465452492	0.453770308125	0.753932912985	0.533938917853	-0.511117648947	-0.118834768322	-0.195338921157
D13097	F	1.96510971813	1.0798536402	0.696077157974	0.363760858824	3.0400764719	1.63156684522	-0.207119646814	1.51281525836	1.01467893812	2.56389608332	1.06791188936	0.448668470071	0.957338376068	-0.6719441507	-0.737849092828	1.46119582608	1.95790366009	1.52385852582	-0.36556796882	0.153911234331	0.153911234331	0.742626062636	1.27018557608	-0.752292274369	-0.606223574021	3.00347630912	0.355576650196
SF153	F	1.73725789729	2.92443691731	-0.93129038495	-0.548566545285	1.18511455684	0.383075928557	0.238724391989	-0.702164812093	-0.0897310698729	-1.07637274304	0.43682426027	0.735215905813	-0.476060352259	1.62870972709	1.89456814848	-0.710337429651	0.839392043098	-0.67275344091	1.30398168033	2.79164630383	2.79164630383	0.0809711494165	-1.08876474704	0.724868273572	2.98878039378	-0.837640196221	-0.28623999043
SF155	F	0.249764566026	-0.304968639909	0.737990813784	-0.304079735135	0.211259551437	2.71585506233	0.629561698732	-0.367342243303	-0.507698393341	NA	0.627438482934	1.21115755146	-0.496096211012	1.01991295376	2.83471716323	0.258260137653	0.63698414017	-0.746600420232	-0.838893900279	2.46388040762	2.46388040762	NA	NA	NA	NA	NA	0.217847757358
SF160	F	-0.839925312045	0.80288918418	-1.85283196403	-1.02801470545	-0.553912238525	-1.03007635441	0.584687785735	-1.18215520791	-1.80126149663	-1.18932732107	-0.724892150827	-1.85462710865	-2.03802250759	-1.93845886665	1.19617173752	-0.366641518672	-0.949283822358	-1.36288702948	-0.907741308492	1.15281682278	1.15281682278	-1.38309226386	-1.34824252535	-1.4787276337	-0.358948168829	0.0384039190309	-0.608525599671
SF164	F	-0.585081173129	1.81657909322	-2.0841953441	-0.883016034494	0.118511455684	-1.10300436901	0.128710927869	-1.60126877304	-1.4656672953	NA	-0.912930505617	-1.48457156307	-1.68405566961	-1.6068820526	0.873834932461	-0.147925938958	-0.881075131783	-1.56495921835	-0.519150648678	2.24536981014	2.24536981014	NA	NA	NA	NA	NA	-0.37989563756
SF197	F	-0.799686763795	-0.953065467001	0.221614574202	-0.362290880408	0.524284374604	-0.457660239788	-0.262126378874	-0.786455808432	-0.773122898025	-0.10339766503	-0.930961580733	-0.794674498729	0.0298450812683	-0.262908818618	-1.30193850168	-0.757205053875	-0.772107589522	0.202668932138	0.238170841658	-1.3912708478	-1.3912708478	-0.640602961412	0.553243068823	-0.0783907318478	-1.63336756482	-0.972416213952	-0.655353423236
SF224	F	-0.704630483147	-0.581933095931	-0.341704959887	0.330950940579	-0.00901717597599	-0.43564423538	-0.574796224268	-0.718554728048	-0.205663612149	-0.172736118866	-1.55174573833	0.525081119602	0.20181953557	0.303761392274	0.282884123189	0.180147430613	-0.457682162235	-0.535129524902	0.773062243922	0.0290480357752	0.0290480357752	NA	NA	NA	NA	NA	-0.333067813995
SF228	F	-1.42142648551	-0.581933095931	-1.54378860852	-0.436377792575	-1.72485694741	-1.70202315562	-0.589271680074	-1.46546661227	-1.38329417316	-1.21057620208	-0.907778769869	-1.60191956056	-1.47534880759	-1.19376995641	-0.334928086505	-1.02278825781	-1.59504821403	-1.32663487599	-1.04742210785	-0.673307456102	-0.673307456102	-1.45459960818	-1.27999446387	-1.07935764999	-0.75839305414	-1.15211757093	-1.20626899459
SF327	F	-1.29596219221	-1.13586200798	-0.481417145921	-0.633237302046	-0.62347331034	-1.04246035689	-0.0869733636301	-0.929282218894	-0.913462291306	-1.34142457464	-0.467305363444	-0.851438181238	-0.70814238282	-0.902960783438	-0.388650887348	-0.101058314734	-1.19355966137	-0.911749119442	-0.681339254563	-0.595267957005	-0.595267957005	-1.09819343749	-1.05633002475	-1.15505153658	-0.244821058739	-0.0289840898346	-1.02171227819
