delim-theta-200-tau-1000-*.out.txt
   delim    prior posterior  nspecies
0  00000  0.12500       0.3         1
1  10000  0.12500   0.01053         2
2  11000  0.12500    0.0392         3
3  11001  0.12500   0.04750         4
4  11100  0.12500   0.29133         4
5  11101  0.12500   0.11126         5
6  11110  0.12500   6.6e-05         5
7  11111  0.12500   0.20008         6

delim-theta-200-tau-2000-*.out.txt
   delim    prior posterior  nspecies
0  00000  0.12500       0.0         1
1  10000  0.12500       0.0         2
2  11000  0.12500   0.02226         3
3  11001  0.12500   0.00979         4
4  11100  0.12500   0.20957         4
5  11101  0.12500   0.59025         5
6  11110  0.12500   0.06810         5
7  11111  0.12500   0.10000         6

delim-theta-2000-tau-1000-*.out.txt
   delim    prior posterior  nspecies
0  00000  0.12500       0.1         1
1  10000  0.12500       0.0         2
2  11000  0.12500   0.02475         3
3  11001  0.12500   0.01223         4
4  11100  0.12500   0.03766         4
5  11101  0.12500   0.16326         5
6  11110  0.12500   0.08483         5
7  11111  0.12500   0.57723         6

delim-theta-2000-tau-2000-*.out.txt
   delim    prior posterior  nspecies
0  00000  0.12500       0.4         1
1  10000  0.12500   0.02260         2
2  11000  0.12500   0.02946         3
3  11001  0.12500   0.01540         4
4  11100  0.12500   0.06696         4
5  11101  0.12500   0.08451         5
6  11110  0.12500   0.12170         5
7  11111  0.12500   0.25934         6

